header:
  seq: 0
  stamp:
    secs: 0
    nsecs: 0
  frame_id: front_6mm
height: 1080
width: 1920
distortion_model: plumb_bob
D: [-0.04706278954123253, 0.2560428625092709, 0, 0, 0]
K: [2110.093529459603, 0, 967.5817787898135, 0, 2110.093529459603, 484.2493863100296, 0, 0, 1]
R: [9.9998427268840329e-01, -5.2831528179977895e-03, 1.8821987532011628e-03, 5.2789689033761649e-03, 9.9998359977096352e-01, 2.2209629493781403e-03, -1.8939015713751936e-03, -2.2109919509136662e-03, 9.9999576231673648e-01]
P: [2.5214394720721189e+03, 0., 1.1021705856323242e+03, -1.2792551132023045e+03, 0., 2.5214394720721189e+03, 4.8178143310546875e+02, 0., 0., 0., 1., 0.]
binning_x: 0
binning_y: 0
roi:
  x_offset: 0
  y_offset: 0
  height: 0
  width: 0
  do_rectify: False
