header:
  seq: 0
  stamp:
    secs: 0
    nsecs: 0
  frame_id: front_12mm
height: 1080
width: 1920
distortion_model: plumb_bob
D: [4.3040961973330483e-01, -2.4427774339142512e+00, -3.2354011573099681e-02, 1.2611733147114600e-02, -1.6675931451650897e-01]
K: [8.3938706280233819e+03, 0, 1.1130820226504661e+03, 0, 8.3824472299894951e+03, 3.0383712590723741e+02, 0, 0, 1]
R: [1.0, 0.0, 0.0, 0.0, 1.0, 0.0, 0.0, 0.0, 1.0]
P: [8.3938706280233819e+03, 0, 1.1130820226504661e+03, 0, 0, 8.3824472299894951e+03, 3.0383712590723741e+02, 0, 0, 0, 1, 0]
binning_x: 0
binning_y: 0
roi:
  x_offset: 0
  y_offset: 0
  height: 0
  width: 0
  do_rectify: False
